0 0.5 0 0 0 0 9.109e-31 -10 -0.5 0 0 0 0 9.109e-31 -1
0.0 0.500139288281 0.0 0.0 0.253232182705 0.0 9.109e-31 -10.0 -0.500139288281 0.0 0.0 -0.253232182705 0.0 9.109e-31 -1
0.0 0.500531688917 0.0 0.0 0.506208128837 0.0 9.109e-31 -10.0 -0.500531688917 0.0 0.0 -0.506208128837 0.0 9.109e-31 -1
0.0 0.501176805348 0.0 0.0 0.758673025199 0.0 9.109e-31 -10.0 -0.501176805348 0.0 0.0 -0.758673025199 0.0 9.109e-31 -1
0.0 0.502073987642 0.0 0.0 1.01037488631 0.0 9.109e-31 -10.0 -0.502073987642 0.0 0.0 -1.01037488631 0.0 9.109e-31 -1
0.0 0.503222336078 0.0 0.0 1.26106592115 0.0 9.109e-31 -10.0 -0.503222336078 0.0 0.0 -1.26106592115 0.0 9.109e-31 -1
0.0 0.504620706066 0.0 0.0 1.51050384466 0.0 9.109e-31 -10.0 -0.504620706066 0.0 0.0 -1.51050384466 0.0 9.109e-31 -1
0.0 0.506267714343 0.0 0.0 1.75845311767 0.0 9.109e-31 -10.0 -0.506267714343 0.0 0.0 -1.75845311767 0.0 9.109e-31 -1
0.0 0.508161746359 0.0 0.0 2.00468610056 0.0 9.109e-31 -10.0 -0.508161746359 0.0 0.0 -2.00468610056 0.0 9.109e-31 -1
0.0 0.510300964768 0.0 0.0 2.24898410805 0.0 9.109e-31 -10.0 -0.510300964768 0.0 0.0 -2.24898410805 0.0 9.109e-31 -1
0.0 0.51268331891 0.0 0.0 2.49113835464 0.0 9.109e-31 -10.0 -0.51268331891 0.0 0.0 -2.49113835464 0.0 9.109e-31 -1
0.0 0.515306555176 0.0 0.0 2.73095078258 0.0 9.109e-31 -10.0 -0.515306555176 0.0 0.0 -2.73095078258 0.0 9.109e-31 -1
0.0 0.518168228135 0.0 0.0 2.96823476678 0.0 9.109e-31 -10.0 -0.518168228135 0.0 0.0 -2.96823476678 0.0 9.109e-31 -1
0.0 0.521265712294 0.0 0.0 3.20281569339 0.0 9.109e-31 -10.0 -0.521265712294 0.0 0.0 -3.20281569339 0.0 9.109e-31 -1
0.0 0.524596214368 0.0 0.0 3.4345314112 0.0 9.109e-31 -10.0 -0.524596214368 0.0 0.0 -3.4345314112 0.0 9.109e-31 -1
0.0 0.528156785935 0.0 0.0 3.66323255733 0.0 9.109e-31 -10.0 -0.528156785935 0.0 0.0 -3.66323255733 0.0 9.109e-31 -1
0.0 0.531944336341 0.0 0.0 3.88878276042 0.0 9.109e-31 -10.0 -0.531944336341 0.0 0.0 -3.88878276042 0.0 9.109e-31 -1
0.0 0.535955645752 0.0 0.0 4.11105872679 0.0 9.109e-31 -10.0 -0.535955645752 0.0 0.0 -4.11105872679 0.0 9.109e-31 -1
0.0 0.540187378226 0.0 0.0 4.32995021612 0.0 9.109e-31 -10.0 -0.540187378226 0.0 0.0 -4.32995021612 0.0 9.109e-31 -1
0.0 0.544636094704 0.0 0.0 4.54535991479 0.0 9.109e-31 -10.0 -0.544636094704 0.0 0.0 -4.54535991479 0.0 9.109e-31 -1
0.0 0.549298265826 0.0 0.0 4.75720321588 0.0 9.109e-31 -10.0 -0.549298265826 0.0 0.0 -4.75720321588 0.0 9.109e-31 -1
0.0 0.554170284472 0.0 0.0 4.96540791553 0.0 9.109e-31 -10.0 -0.554170284472 0.0 0.0 -4.96540791553 0.0 9.109e-31 -1
0.0 0.55924847797 0.0 0.0 5.16991383572 0.0 9.109e-31 -10.0 -0.55924847797 0.0 0.0 -5.16991383572 0.0 9.109e-31 -1
0.0 0.564529119876 0.0 0.0 5.37067238393 0.0 9.109e-31 -10.0 -0.564529119876 0.0 0.0 -5.37067238393 0.0 9.109e-31 -1
0.0 0.5700084413 0.0 0.0 5.56764605976 0.0 9.109e-31 -10.0 -0.5700084413 0.0 0.0 -5.56764605976 0.0 9.109e-31 -1
0.0 0.575682641704 0.0 0.0 5.76080791875 0.0 9.109e-31 -10.0 -0.575682641704 0.0 0.0 -5.76080791875 0.0 9.109e-31 -1
0.0 0.581547899142 0.0 0.0 5.95014100273 0.0 9.109e-31 -10.0 -0.581547899142 0.0 0.0 -5.95014100273 0.0 9.109e-31 -1
0.0 0.58760037993 0.0 0.0 6.13563774605 0.0 9.109e-31 -10.0 -0.58760037993 0.0 0.0 -6.13563774605 0.0 9.109e-31 -1
0.0 0.593836247697 0.0 0.0 6.31729936583 0.0 9.109e-31 -10.0 -0.593836247697 0.0 0.0 -6.31729936583 0.0 9.109e-31 -1
0.0 0.600251671831 0.0 0.0 6.49513524414 0.0 9.109e-31 -10.0 -0.600251671831 0.0 0.0 -6.49513524414 0.0 9.109e-31 -1
0.0 0.606842835304 0.0 0.0 6.66916230892 0.0 9.109e-31 -10.0 -0.606842835304 0.0 0.0 -6.66916230892 0.0 9.109e-31 -1
0.0 0.613605941878 0.0 0.0 6.83940441975 0.0 9.109e-31 -10.0 -0.613605941878 0.0 0.0 -6.83940441975 0.0 9.109e-31 -1
0.0 0.620537222706 0.0 0.0 7.0058917639 0.0 9.109e-31 -10.0 -0.620537222706 0.0 0.0 -7.0058917639 0.0 9.109e-31 -1
0.0 0.62763294233 0.0 0.0 7.16866026712 0.0 9.109e-31 -10.0 -0.62763294233 0.0 0.0 -7.16866026712 0.0 9.109e-31 -1
0.0 0.634889404107 0.0 0.0 7.32775102304 0.0 9.109e-31 -10.0 -0.634889404107 0.0 0.0 -7.32775102304 0.0 9.109e-31 -1
0.0 0.642302955073 0.0 0.0 7.48320974427 0.0 9.109e-31 -10.0 -0.642302955073 0.0 0.0 -7.48320974427 0.0 9.109e-31 -1
0.0 0.649869990271 0.0 0.0 7.63508623767 0.0 9.109e-31 -10.0 -0.649869990271 0.0 0.0 -7.63508623767 0.0 9.109e-31 -1
0.0 0.657586956566 0.0 0.0 7.78343390555 0.0 9.109e-31 -10.0 -0.657586956566 0.0 0.0 -7.78343390555 0.0 9.109e-31 -1
0.0 0.665450355984 0.0 0.0 7.92830927424 0.0 9.109e-31 -10.0 -0.665450355984 0.0 0.0 -7.92830927424 0.0 9.109e-31 -1
0.0 0.673456748586 0.0 0.0 8.06977155074 0.0 9.109e-31 -10.0 -0.673456748586 0.0 0.0 -8.06977155074 0.0 9.109e-31 -1
0.0 0.681602754919 0.0 0.0 8.20788220789 0.0 9.109e-31 -10.0 -0.681602754919 0.0 0.0 -8.20788220789 0.0 9.109e-31 -1
0.0 0.689885058068 0.0 0.0 8.34270459804 0.0 9.109e-31 -10.0 -0.689885058068 0.0 0.0 -8.34270459804 0.0 9.109e-31 -1
0.0 0.698300405335 0.0 0.0 8.4743035951 0.0 9.109e-31 -10.0 -0.698300405335 0.0 0.0 -8.4743035951 0.0 9.109e-31 -1
0.0 0.706845609577 0.0 0.0 8.60274526407 0.0 9.109e-31 -10.0 -0.706845609577 0.0 0.0 -8.60274526407 0.0 9.109e-31 -1
0.0 0.715517550229 0.0 0.0 8.72809655773 0.0 9.109e-31 -10.0 -0.715517550229 0.0 0.0 -8.72809655773 0.0 9.109e-31 -1
0.0 0.724313174035 0.0 0.0 8.85042503919 0.0 9.109e-31 -10.0 -0.724313174035 0.0 0.0 -8.85042503919 0.0 9.109e-31 -1
0.0 0.733229495521 0.0 0.0 8.96979862942 0.0 9.109e-31 -10.0 -0.733229495521 0.0 0.0 -8.96979862942 0.0 9.109e-31 -1
0.0 0.74226359722 0.0 0.0 9.08628537851 0.0 9.109e-31 -10.0 -0.74226359722 0.0 0.0 -9.08628537851 0.0 9.109e-31 -1
0.0 0.751412629691 0.0 0.0 9.19995325948 0.0 9.109e-31 -10.0 -0.751412629691 0.0 0.0 -9.19995325948 0.0 9.109e-31 -1
0.0 0.760673811336 0.0 0.0 9.31086998332 0.0 9.109e-31 -10.0 -0.760673811336 0.0 0.0 -9.31086998332 0.0 9.109e-31 -1
0.0 0.770044428046 0.0 0.0 9.41910283395 0.0 9.109e-31 -10.0 -0.770044428046 0.0 0.0 -9.41910283395 0.0 9.109e-31 -1
0.0 0.779521832689 0.0 0.0 9.52471852184 0.0 9.109e-31 -10.0 -0.779521832689 0.0 0.0 -9.52471852184 0.0 9.109e-31 -1
0.0 0.789103444472 0.0 0.0 9.62778305495 0.0 9.109e-31 -10.0 -0.789103444472 0.0 0.0 -9.62778305495 0.0 9.109e-31 -1
0.0 0.798786748167 0.0 0.0 9.72836162572 0.0 9.109e-31 -10.0 -0.798786748167 0.0 0.0 -9.72836162572 0.0 9.109e-31 -1
0.0 0.808569293244 0.0 0.0 9.82651851302 0.0 9.109e-31 -10.0 -0.808569293244 0.0 0.0 -9.82651851302 0.0 9.109e-31 -1
0.0 0.818448692909 0.0 0.0 9.9223169976 0.0 9.109e-31 -10.0 -0.818448692909 0.0 0.0 -9.9223169976 0.0 9.109e-31 -1
0.0 0.828422623066 0.0 0.0 10.0158192902 0.0 9.109e-31 -10.0 -0.828422623066 0.0 0.0 -10.0158192902 0.0 9.109e-31 -1
0.0 0.838488821213 0.0 0.0 10.1070864712 0.0 9.109e-31 -10.0 -0.838488821213 0.0 0.0 -10.1070864712 0.0 9.109e-31 -1
0.0 0.848645085283 0.0 0.0 10.1961784403 0.0 9.109e-31 -10.0 -0.848645085283 0.0 0.0 -10.1961784403 0.0 9.109e-31 -1
0.0 0.858889272439 0.0 0.0 10.2831538763 0.0 9.109e-31 -10.0 -0.858889272439 0.0 0.0 -10.2831538763 0.0 9.109e-31 -1
0.0 0.869219297837 0.0 0.0 10.3680702047 0.0 9.109e-31 -10.0 -0.869219297837 0.0 0.0 -10.3680702047 0.0 9.109e-31 -1
0.0 0.879633133357 0.0 0.0 10.450983574 0.0 9.109e-31 -10.0 -0.879633133357 0.0 0.0 -10.450983574 0.0 9.109e-31 -1
0.0 0.890128806316 0.0 0.0 10.5319488379 0.0 9.109e-31 -10.0 -0.890128806316 0.0 0.0 -10.5319488379 0.0 9.109e-31 -1
0.0 0.900704398169 0.0 0.0 10.6110195443 0.0 9.109e-31 -10.0 -0.900704398169 0.0 0.0 -10.6110195443 0.0 9.109e-31 -1
0.0 0.911358043196 0.0 0.0 10.6882479298 0.0 9.109e-31 -10.0 -0.911358043196 0.0 0.0 -10.6882479298 0.0 9.109e-31 -1
0.0 0.922087927194 0.0 0.0 10.7636849194 0.0 9.109e-31 -10.0 -0.922087927194 0.0 0.0 -10.7636849194 0.0 9.109e-31 -1
0.0 0.932892286163 0.0 0.0 10.8373801294 0.0 9.109e-31 -10.0 -0.932892286163 0.0 0.0 -10.8373801294 0.0 9.109e-31 -1
0.0 0.943769405004 0.0 0.0 10.9093818758 0.0 9.109e-31 -10.0 -0.943769405004 0.0 0.0 -10.9093818758 0.0 9.109e-31 -1
0.0 0.954717616225 0.0 0.0 10.9797371847 0.0 9.109e-31 -10.0 -0.954717616225 0.0 0.0 -10.9797371847 0.0 9.109e-31 -1
0.0 0.965735298654 0.0 0.0 11.0484918062 0.0 9.109e-31 -10.0 -0.965735298654 0.0 0.0 -11.0484918062 0.0 9.109e-31 -1
0.0 0.976820876177 0.0 0.0 11.1156902308 0.0 9.109e-31 -10.0 -0.976820876177 0.0 0.0 -11.1156902308 0.0 9.109e-31 -1
0.0 0.987972816486 0.0 0.0 11.1813757081 0.0 9.109e-31 -10.0 -0.987972816486 0.0 0.0 -11.1813757081 0.0 9.109e-31 -1
0.0 0.99918962985 0.0 0.0 11.2455902665 0.0 9.109e-31 -10.0 -0.99918962985 0.0 0.0 -11.2455902665 0.0 9.109e-31 -1
0.0 1.0104698679 0.0 0.0 11.3083747357 0.0 9.109e-31 -10.0 -1.0104698679 0.0 0.0 -11.3083747357 0.0 9.109e-31 -1
0.0 1.02181212246 0.0 0.0 11.3697687697 0.0 9.109e-31 -10.0 -1.02181212246 0.0 0.0 -11.3697687697 0.0 9.109e-31 -1
0.0 1.03321502436 0.0 0.0 11.4298108707 0.0 9.109e-31 -10.0 -1.03321502436 0.0 0.0 -11.4298108707 0.0 9.109e-31 -1
0.0 1.04467724232 0.0 0.0 11.4885384145 0.0 9.109e-31 -10.0 -1.04467724232 0.0 0.0 -11.4885384145 0.0 9.109e-31 -1
0.0 1.05619748182 0.0 0.0 11.5459876757 0.0 9.109e-31 -10.0 -1.05619748182 0.0 0.0 -11.5459876757 0.0 9.109e-31 -1
0.0 1.06777448402 0.0 0.0 11.6021938542 0.0 9.109e-31 -10.0 -1.06777448402 0.0 0.0 -11.6021938542 0.0 9.109e-31 -1
0.0 1.07940702472 0.0 0.0 11.6571911017 0.0 9.109e-31 -10.0 -1.07940702472 0.0 0.0 -11.6571911017 0.0 9.109e-31 -1
0.0 1.09109391328 0.0 0.0 11.7110125477 0.0 9.109e-31 -10.0 -1.09109391328 0.0 0.0 -11.7110125477 0.0 9.109e-31 -1
0.0 1.10283399166 0.0 0.0 11.7636903268 0.0 9.109e-31 -10.0 -1.10283399166 0.0 0.0 -11.7636903268 0.0 9.109e-31 -1
0.0 1.11462613341 0.0 0.0 11.8152556053 0.0 9.109e-31 -10.0 -1.11462613341 0.0 0.0 -11.8152556053 0.0 9.109e-31 -1
0.0 1.12646924273 0.0 0.0 11.8657386073 0.0 9.109e-31 -10.0 -1.12646924273 0.0 0.0 -11.8657386073 0.0 9.109e-31 -1
0.0 1.13836225354 0.0 0.0 11.9151686414 0.0 9.109e-31 -10.0 -1.13836225354 0.0 0.0 -11.9151686414 0.0 9.109e-31 -1
0.0 1.15030412858 0.0 0.0 11.9635741266 0.0 9.109e-31 -10.0 -1.15030412858 0.0 0.0 -11.9635741266 0.0 9.109e-31 -1
0.0 1.16229385851 0.0 0.0 12.0109826179 0.0 9.109e-31 -10.0 -1.16229385851 0.0 0.0 -12.0109826179 0.0 9.109e-31 -1
0.0 1.17433046111 0.0 0.0 12.057420832 0.0 9.109e-31 -10.0 -1.17433046111 0.0 0.0 -12.057420832 0.0 9.109e-31 -1
0.0 1.18641298042 0.0 0.0 12.1029146719 0.0 9.109e-31 -10.0 -1.18641298042 0.0 0.0 -12.1029146719 0.0 9.109e-31 -1
0.0 1.19854048593 0.0 0.0 12.1474892513 0.0 9.109e-31 -10.0 -1.19854048593 0.0 0.0 -12.1474892513 0.0 9.109e-31 -1
0.0 1.21071207185 0.0 0.0 12.191168919 0.0 9.109e-31 -10.0 -1.21071207185 0.0 0.0 -12.191168919 0.0 9.109e-31 -1
0.0 1.22292685629 0.0 0.0 12.2339772819 0.0 9.109e-31 -10.0 -1.22292685629 0.0 0.0 -12.2339772819 0.0 9.109e-31 -1
0.0 1.23518398061 0.0 0.0 12.2759372281 0.0 9.109e-31 -10.0 -1.23518398061 0.0 0.0 -12.2759372281 0.0 9.109e-31 -1
0.0 1.24748260866 0.0 0.0 12.3170709495 0.0 9.109e-31 -10.0 -1.24748260866 0.0 0.0 -12.3170709495 0.0 9.109e-31 -1
0.0 1.25982192608 0.0 0.0 12.3573999632 0.0 9.109e-31 -10.0 -1.25982192608 0.0 0.0 -12.3573999632 0.0 9.109e-31 -1
0.0 1.27220113971 0.0 0.0 12.3969451335 0.0 9.109e-31 -10.0 -1.27220113971 0.0 0.0 -12.3969451335 0.0 9.109e-31 -1
0.0 1.28461947688 0.0 0.0 12.4357266918 0.0 9.109e-31 -10.0 -1.28461947688 0.0 0.0 -12.4357266918 0.0 9.109e-31 -1
0.0 1.29707618482 0.0 0.0 12.4737642575 0.0 9.109e-31 -10.0 -1.29707618482 0.0 0.0 -12.4737642575 0.0 9.109e-31 -1
0.0 1.30957053005 0.0 0.0 12.5110768569 0.0 9.109e-31 -10.0 -1.30957053005 0.0 0.0 -12.5110768569 0.0 9.109e-31 -1
0.0 1.32210179779 0.0 0.0 12.5476829431 0.0 9.109e-31 -10.0 -1.32210179779 0.0 0.0 -12.5476829431 0.0 9.109e-31 -1
0.0 1.33466929143 0.0 0.0 12.5836004136 0.0 9.109e-31 -10.0 -1.33466929143 0.0 0.0 -12.5836004136 0.0 9.109e-31 -1
0.0 1.34727233194 0.0 0.0 12.6188466288 0.0 9.109e-31 -10.0 -1.34727233194 0.0 0.0 -12.6188466288 0.0 9.109e-31 -1
0.0 1.35991025737 0.0 0.0 12.6534384295 0.0 9.109e-31 -10.0 -1.35991025737 0.0 0.0 -12.6534384295 0.0 9.109e-31 -1
0.0 1.37258242232 0.0 0.0 12.6873921531 0.0 9.109e-31 -10.0 -1.37258242232 0.0 0.0 -12.6873921531 0.0 9.109e-31 -1
0.0 1.38528819749 0.0 0.0 12.7207236508 0.0 9.109e-31 -10.0 -1.38528819749 0.0 0.0 -12.7207236508 0.0 9.109e-31 -1
0.0 1.39802696914 0.0 0.0 12.7534483027 0.0 9.109e-31 -10.0 -1.39802696914 0.0 0.0 -12.7534483027 0.0 9.109e-31 -1
0.0 1.41079813868 0.0 0.0 12.7855810336 0.0 9.109e-31 -10.0 -1.41079813868 0.0 0.0 -12.7855810336 0.0 9.109e-31 -1
0.0 1.42360112218 0.0 0.0 12.8171363278 0.0 9.109e-31 -10.0 -1.42360112218 0.0 0.0 -12.8171363278 0.0 9.109e-31 -1
0.0 1.43643534997 0.0 0.0 12.848128243 0.0 9.109e-31 -10.0 -1.43643534997 0.0 0.0 -12.848128243 0.0 9.109e-31 -1
0.0 1.44930026621 0.0 0.0 12.878570425 0.0 9.109e-31 -10.0 -1.44930026621 0.0 0.0 -12.878570425 0.0 9.109e-31 -1
0.0 1.46219532849 0.0 0.0 12.9084761202 0.0 9.109e-31 -10.0 -1.46219532849 0.0 0.0 -12.9084761202 0.0 9.109e-31 -1
0.0 1.47512000743 0.0 0.0 12.9378581894 0.0 9.109e-31 -10.0 -1.47512000743 0.0 0.0 -12.9378581894 0.0 9.109e-31 -1
0.0 1.48807378629 0.0 0.0 12.9667291198 0.0 9.109e-31 -10.0 -1.48807378629 0.0 0.0 -12.9667291198 0.0 9.109e-31 -1
0.0 1.50105616064 0.0 0.0 12.9951010376 0.0 9.109e-31 -10.0 -1.50105616064 0.0 0.0 -12.9951010376 0.0 9.109e-31 -1
0.0 1.51406663798 0.0 0.0 13.0229857193 0.0 9.109e-31 -10.0 -1.51406663798 0.0 0.0 -13.0229857193 0.0 9.109e-31 -1
0.0 1.52710473737 0.0 0.0 13.0503946033 0.0 9.109e-31 -10.0 -1.52710473737 0.0 0.0 -13.0503946033 0.0 9.109e-31 -1
0.0 1.54016998917 0.0 0.0 13.0773388009 0.0 9.109e-31 -10.0 -1.54016998917 0.0 0.0 -13.0773388009 0.0 9.109e-31 -1
0.0 1.55326193465 0.0 0.0 13.1038291065 0.0 9.109e-31 -10.0 -1.55326193465 0.0 0.0 -13.1038291065 0.0 9.109e-31 -1
0.0 1.56638012571 0.0 0.0 13.1298760082 0.0 9.109e-31 -10.0 -1.56638012571 0.0 0.0 -13.1298760082 0.0 9.109e-31 -1
0.0 1.57952412457 0.0 0.0 13.1554896978 0.0 9.109e-31 -10.0 -1.57952412457 0.0 0.0 -13.1554896978 0.0 9.109e-31 -1
0.0 1.5926935035 0.0 0.0 13.1806800798 0.0 9.109e-31 -10.0 -1.5926935035 0.0 0.0 -13.1806800798 0.0 9.109e-31 -1
0.0 1.60588784451 0.0 0.0 13.205456781 0.0 9.109e-31 -10.0 -1.60588784451 0.0 0.0 -13.205456781 0.0 9.109e-31 -1
0.0 1.61910673907 0.0 0.0 13.2298291593 0.0 9.109e-31 -10.0 -1.61910673907 0.0 0.0 -13.2298291593 0.0 9.109e-31 -1
0.0 1.6323497879 0.0 0.0 13.2538063124 0.0 9.109e-31 -10.0 -1.6323497879 0.0 0.0 -13.2538063124 0.0 9.109e-31 -1
0.0 1.64561660066 0.0 0.0 13.2773970859 0.0 9.109e-31 -10.0 -1.64561660066 0.0 0.0 -13.2773970859 0.0 9.109e-31 -1
0.0 1.65890679571 0.0 0.0 13.3006100813 0.0 9.109e-31 -10.0 -1.65890679571 0.0 0.0 -13.3006100813 0.0 9.109e-31 -1
0.0 1.6722199999 0.0 0.0 13.323453664 0.0 9.109e-31 -10.0 -1.6722199999 0.0 0.0 -13.323453664 0.0 9.109e-31 -1
0.0 1.68555584831 0.0 0.0 13.3459359706 0.0 9.109e-31 -10.0 -1.68555584831 0.0 0.0 -13.3459359706 0.0 9.109e-31 -1
0.0 1.69891398403 0.0 0.0 13.3680649159 0.0 9.109e-31 -10.0 -1.69891398403 0.0 0.0 -13.3680649159 0.0 9.109e-31 -1
0.0 1.71229405796 0.0 0.0 13.3898482004 0.0 9.109e-31 -10.0 -1.71229405796 0.0 0.0 -13.3898482004 0.0 9.109e-31 -1
0.0 1.72569572857 0.0 0.0 13.4112933164 0.0 9.109e-31 -10.0 -1.72569572857 0.0 0.0 -13.4112933164 0.0 9.109e-31 -1
0.0 1.73911866172 0.0 0.0 13.432407555 0.0 9.109e-31 -10.0 -1.73911866172 0.0 0.0 -13.432407555 0.0 9.109e-31 -1
0.0 1.75256253045 0.0 0.0 13.4531980122 0.0 9.109e-31 -10.0 -1.75256253045 0.0 0.0 -13.4531980122 0.0 9.109e-31 -1
0.0 1.76602701479 0.0 0.0 13.4736715947 0.0 9.109e-31 -10.0 -1.76602701479 0.0 0.0 -13.4736715947 0.0 9.109e-31 -1
0.0 1.77951180159 0.0 0.0 13.4938350262 0.0 9.109e-31 -10.0 -1.77951180159 0.0 0.0 -13.4938350262 0.0 9.109e-31 -1
0.0 1.7930165843 0.0 0.0 13.5136948529 0.0 9.109e-31 -10.0 -1.7930165843 0.0 0.0 -13.5136948529 0.0 9.109e-31 -1
0.0 1.80654106284 0.0 0.0 13.5332574486 0.0 9.109e-31 -10.0 -1.80654106284 0.0 0.0 -13.5332574486 0.0 9.109e-31 -1
0.0 1.82008494342 0.0 0.0 13.5525290206 0.0 9.109e-31 -10.0 -1.82008494342 0.0 0.0 -13.5525290206 0.0 9.109e-31 -1
0.0 1.83364793833 0.0 0.0 13.5715156142 0.0 9.109e-31 -10.0 -1.83364793833 0.0 0.0 -13.5715156142 0.0 9.109e-31 -1
0.0 1.84722976586 0.0 0.0 13.5902231181 0.0 9.109e-31 -10.0 -1.84722976586 0.0 0.0 -13.5902231181 0.0 9.109e-31 -1
0.0 1.86083015008 0.0 0.0 13.6086572688 0.0 9.109e-31 -10.0 -1.86083015008 0.0 0.0 -13.6086572688 0.0 9.109e-31 -1
0.0 1.87444882072 0.0 0.0 13.6268236554 0.0 9.109e-31 -10.0 -1.87444882072 0.0 0.0 -13.6268236554 0.0 9.109e-31 -1
0.0 1.88808551303 0.0 0.0 13.6447277241 0.0 9.109e-31 -10.0 -1.88808551303 0.0 0.0 -13.6447277241 0.0 9.109e-31 -1
0.0 1.90173996763 0.0 0.0 13.6623747821 0.0 9.109e-31 -10.0 -1.90173996763 0.0 0.0 -13.6623747821 0.0 9.109e-31 -1
0.0 1.91541193035 0.0 0.0 13.6797700022 0.0 9.109e-31 -10.0 -1.91541193035 0.0 0.0 -13.6797700022 0.0 9.109e-31 -1
0.0 1.92910115214 0.0 0.0 13.6969184266 0.0 9.109e-31 -10.0 -1.92910115214 0.0 0.0 -13.6969184266 0.0 9.109e-31 -1
0.0 1.94280738892 0.0 0.0 13.7138249709 0.0 9.109e-31 -10.0 -1.94280738892 0.0 0.0 -13.7138249709 0.0 9.109e-31 -1
0.0 1.95653040146 0.0 0.0 13.7304944275 0.0 9.109e-31 -10.0 -1.95653040146 0.0 0.0 -13.7304944275 0.0 9.109e-31 -1
0.0 1.97026995524 0.0 0.0 13.7469314697 0.0 9.109e-31 -10.0 -1.97026995524 0.0 0.0 -13.7469314697 0.0 9.109e-31 -1
0.0 1.98402582038 0.0 0.0 13.7631406548 0.0 9.109e-31 -10.0 -1.98402582038 0.0 0.0 -13.7631406548 0.0 9.109e-31 -1
0.0 1.99779777146 0.0 0.0 13.7791264279 0.0 9.109e-31 -10.0 -1.99779777146 0.0 0.0 -13.7791264279 0.0 9.109e-31 -1
0.0 2.01158558747 0.0 0.0 13.7948931246 0.0 9.109e-31 -10.0 -2.01158558747 0.0 0.0 -13.7948931246 0.0 9.109e-31 -1
0.0 2.02538905166 0.0 0.0 13.8104449749 0.0 9.109e-31 -10.0 -2.02538905166 0.0 0.0 -13.8104449749 0.0 9.109e-31 -1
0.0 2.03920795148 0.0 0.0 13.8257861054 0.0 9.109e-31 -10.0 -2.03920795148 0.0 0.0 -13.8257861054 0.0 9.109e-31 -1
0.0 2.05304207841 0.0 0.0 13.840920543 0.0 9.109e-31 -10.0 -2.05304207841 0.0 0.0 -13.840920543 0.0 9.109e-31 -1
0.0 2.06689122794 0.0 0.0 13.8558522176 0.0 9.109e-31 -10.0 -2.06689122794 0.0 0.0 -13.8558522176 0.0 9.109e-31 -1
0.0 2.08075519943 0.0 0.0 13.8705849644 0.0 9.109e-31 -10.0 -2.08075519943 0.0 0.0 -13.8705849644 0.0 9.109e-31 -1
0.0 2.094633796 0.0 0.0 13.8851225274 0.0 9.109e-31 -10.0 -2.094633796 0.0 0.0 -13.8851225274 0.0 9.109e-31 -1
0.0 2.1085268245 0.0 0.0 13.8994685611 0.0 9.109e-31 -10.0 -2.1085268245 0.0 0.0 -13.8994685611 0.0 9.109e-31 -1
0.0 2.12243409536 0.0 0.0 13.9136266337 0.0 9.109e-31 -10.0 -2.12243409536 0.0 0.0 -13.9136266337 0.0 9.109e-31 -1
0.0 2.13635542255 0.0 0.0 13.9276002293 0.0 9.109e-31 -10.0 -2.13635542255 0.0 0.0 -13.9276002293 0.0 9.109e-31 -1
0.0 2.15029062347 0.0 0.0 13.9413927501 0.0 9.109e-31 -10.0 -2.15029062347 0.0 0.0 -13.9413927501 0.0 9.109e-31 -1
0.0 2.16423951887 0.0 0.0 13.9550075191 0.0 9.109e-31 -10.0 -2.16423951887 0.0 0.0 -13.9550075191 0.0 9.109e-31 -1
0.0 2.1782019328 0.0 0.0 13.9684477817 0.0 9.109e-31 -10.0 -2.1782019328 0.0 0.0 -13.9684477817 0.0 9.109e-31 -1
0.0 2.1921776925 0.0 0.0 13.9817167084 0.0 9.109e-31 -10.0 -2.1921776925 0.0 0.0 -13.9817167084 0.0 9.109e-31 -1
0.0 2.20616662834 0.0 0.0 13.9948173966 0.0 9.109e-31 -10.0 -2.20616662834 0.0 0.0 -13.9948173966 0.0 9.109e-31 -1
0.0 2.22016857375 0.0 0.0 14.0077528725 0.0 9.109e-31 -10.0 -2.22016857375 0.0 0.0 -14.0077528725 0.0 9.109e-31 -1
0.0 2.23418336516 0.0 0.0 14.0205260935 0.0 9.109e-31 -10.0 -2.23418336516 0.0 0.0 -14.0205260935 0.0 9.109e-31 -1
0.0 2.24821084191 0.0 0.0 14.0331399494 0.0 9.109e-31 -10.0 -2.24821084191 0.0 0.0 -14.0331399494 0.0 9.109e-31 -1
0.0 2.26225084618 0.0 0.0 14.0455972648 0.0 9.109e-31 -10.0 -2.26225084618 0.0 0.0 -14.0455972648 0.0 9.109e-31 -1
0.0 2.27630322296 0.0 0.0 14.0579008008 0.0 9.109e-31 -10.0 -2.27630322296 0.0 0.0 -14.0579008008 0.0 9.109e-31 -1
0.0 2.29036781997 0.0 0.0 14.0700532563 0.0 9.109e-31 -10.0 -2.29036781997 0.0 0.0 -14.0700532563 0.0 9.109e-31 -1
0.0 2.30444448757 0.0 0.0 14.08205727 0.0 9.109e-31 -10.0 -2.30444448757 0.0 0.0 -14.08205727 0.0 9.109e-31 -1
0.0 2.31853307876 0.0 0.0 14.0939154221 0.0 9.109e-31 -10.0 -2.31853307876 0.0 0.0 -14.0939154221 0.0 9.109e-31 -1
0.0 2.33263344905 0.0 0.0 14.1056302355 0.0 9.109e-31 -10.0 -2.33263344905 0.0 0.0 -14.1056302355 0.0 9.109e-31 -1
0.0 2.34674545647 0.0 0.0 14.1172041778 0.0 9.109e-31 -10.0 -2.34674545647 0.0 0.0 -14.1172041778 0.0 9.109e-31 -1
0.0 2.36086896149 0.0 0.0 14.128639662 0.0 9.109e-31 -10.0 -2.36086896149 0.0 0.0 -14.128639662 0.0 9.109e-31 -1
0.0 2.37500382695 0.0 0.0 14.139939049 0.0 9.109e-31 -10.0 -2.37500382695 0.0 0.0 -14.139939049 0.0 9.109e-31 -1
0.0 2.38914991802 0.0 0.0 14.1511046478 0.0 9.109e-31 -10.0 -2.38914991802 0.0 0.0 -14.1511046478 0.0 9.109e-31 -1
0.0 2.40330710217 0.0 0.0 14.1621387178 0.0 9.109e-31 -10.0 -2.40330710217 0.0 0.0 -14.1621387178 0.0 9.109e-31 -1
0.0 2.41747524908 0.0 0.0 14.1730434696 0.0 9.109e-31 -10.0 -2.41747524908 0.0 0.0 -14.1730434696 0.0 9.109e-31 -1
0.0 2.43165423063 0.0 0.0 14.1838210664 0.0 9.109e-31 -10.0 -2.43165423063 0.0 0.0 -14.1838210664 0.0 9.109e-31 -1
0.0 2.44584392083 0.0 0.0 14.1944736251 0.0 9.109e-31 -10.0 -2.44584392083 0.0 0.0 -14.1944736251 0.0 9.109e-31 -1
0.0 2.46004419579 0.0 0.0 14.2050032177 0.0 9.109e-31 -10.0 -2.46004419579 0.0 0.0 -14.2050032177 0.0 9.109e-31 -1
0.0 2.47425493366 0.0 0.0 14.2154118722 0.0 9.109e-31 -10.0 -2.47425493366 0.0 0.0 -14.2154118722 0.0 9.109e-31 -1
0.0 2.4884760146 0.0 0.0 14.2257015739 0.0 9.109e-31 -10.0 -2.4884760146 0.0 0.0 -14.2257015739 0.0 9.109e-31 -1
0.0 2.50270732073 0.0 0.0 14.2358742665 0.0 9.109e-31 -10.0 -2.50270732073 0.0 0.0 -14.2358742665 0.0 9.109e-31 -1
0.0 2.51694873609 0.0 0.0 14.245931853 0.0 9.109e-31 -10.0 -2.51694873609 0.0 0.0 -14.245931853 0.0 9.109e-31 -1
0.0 2.5312001466 0.0 0.0 14.2558761967 0.0 9.109e-31 -10.0 -2.5312001466 0.0 0.0 -14.2558761967 0.0 9.109e-31 -1
0.0 2.54546144002 0.0 0.0 14.2657091226 0.0 9.109e-31 -10.0 -2.54546144002 0.0 0.0 -14.2657091226 0.0 9.109e-31 -1
0.0 2.55973250593 0.0 0.0 14.2754324176 0.0 9.109e-31 -10.0 -2.55973250593 0.0 0.0 -14.2754324176 0.0 9.109e-31 -1
0.0 2.57401323565 0.0 0.0 14.2850478323 0.0 9.109e-31 -10.0 -2.57401323565 0.0 0.0 -14.2850478323 0.0 9.109e-31 -1
0.0 2.58830352226 0.0 0.0 14.2945570813 0.0 9.109e-31 -10.0 -2.58830352226 0.0 0.0 -14.2945570813 0.0 9.109e-31 -1
0.0 2.60260326052 0.0 0.0 14.3039618443 0.0 9.109e-31 -10.0 -2.60260326052 0.0 0.0 -14.3039618443 0.0 9.109e-31 -1
0.0 2.61691234683 0.0 0.0 14.3132637669 0.0 9.109e-31 -10.0 -2.61691234683 0.0 0.0 -14.3132637669 0.0 9.109e-31 -1
0.0 2.63123067927 0.0 0.0 14.3224644615 0.0 9.109e-31 -10.0 -2.63123067927 0.0 0.0 -14.3224644615 0.0 9.109e-31 -1
0.0 2.64555815746 0.0 0.0 14.3315655081 0.0 9.109e-31 -10.0 -2.64555815746 0.0 0.0 -14.3315655081 0.0 9.109e-31 -1
0.0 2.65989468262 0.0 0.0 14.3405684551 0.0 9.109e-31 -10.0 -2.65989468262 0.0 0.0 -14.3405684551 0.0 9.109e-31 -1
0.0 2.67424015748 0.0 0.0 14.3494748199 0.0 9.109e-31 -10.0 -2.67424015748 0.0 0.0 -14.3494748199 0.0 9.109e-31 -1
0.0 2.68859448629 0.0 0.0 14.3582860899 0.0 9.109e-31 -10.0 -2.68859448629 0.0 0.0 -14.3582860899 0.0 9.109e-31 -1
0.0 2.70295757474 0.0 0.0 14.3670037229 0.0 9.109e-31 -10.0 -2.70295757474 0.0 0.0 -14.3670037229 0.0 9.109e-31 -1
0.0 2.71732933 0.0 0.0 14.3756291482 0.0 9.109e-31 -10.0 -2.71732933 0.0 0.0 -14.3756291482 0.0 9.109e-31 -1
0.0 2.73170966062 0.0 0.0 14.384163767 0.0 9.109e-31 -10.0 -2.73170966062 0.0 0.0 -14.384163767 0.0 9.109e-31 -1
0.0 2.74609847656 0.0 0.0 14.392608953 0.0 9.109e-31 -10.0 -2.74609847656 0.0 0.0 -14.392608953 0.0 9.109e-31 -1
0.0 2.76049568913 0.0 0.0 14.4009660535 0.0 9.109e-31 -10.0 -2.76049568913 0.0 0.0 -14.4009660535 0.0 9.109e-31 -1
0.0 2.77490121097 0.0 0.0 14.4092363895 0.0 9.109e-31 -10.0 -2.77490121097 0.0 0.0 -14.4092363895 0.0 9.109e-31 -1
0.0 2.78931495604 0.0 0.0 14.4174212564 0.0 9.109e-31 -10.0 -2.78931495604 0.0 0.0 -14.4174212564 0.0 9.109e-31 -1
0.0 2.80373683956 0.0 0.0 14.425521925 0.0 9.109e-31 -10.0 -2.80373683956 0.0 0.0 -14.425521925 0.0 9.109e-31 -1
0.0 2.81816677802 0.0 0.0 14.4335396416 0.0 9.109e-31 -10.0 -2.81816677802 0.0 0.0 -14.4335396416 0.0 9.109e-31 -1
0.0 2.83260468915 0.0 0.0 14.4414756288 0.0 9.109e-31 -10.0 -2.83260468915 0.0 0.0 -14.4414756288 0.0 9.109e-31 -1
0.0 2.84705049187 0.0 0.0 14.449331086 0.0 9.109e-31 -10.0 -2.84705049187 0.0 0.0 -14.449331086 0.0 9.109e-31 -1
0.0 2.86150410631 0.0 0.0 14.4571071901 0.0 9.109e-31 -10.0 -2.86150410631 0.0 0.0 -14.4571071901 0.0 9.109e-31 -1
0.0 2.87596545376 0.0 0.0 14.4648050956 0.0 9.109e-31 -10.0 -2.87596545376 0.0 0.0 -14.4648050956 0.0 9.109e-31 -1
0.0 2.89043445663 0.0 0.0 14.4724259354 0.0 9.109e-31 -10.0 -2.89043445663 0.0 0.0 -14.4724259354 0.0 9.109e-31 -1
0.0 2.90491103847 0.0 0.0 14.4799708215 0.0 9.109e-31 -10.0 -2.90491103847 0.0 0.0 -14.4799708215 0.0 9.109e-31 -1
0.0 2.91939512394 0.0 0.0 14.4874408449 0.0 9.109e-31 -10.0 -2.91939512394 0.0 0.0 -14.4874408449 0.0 9.109e-31 -1
0.0 2.93388663875 0.0 0.0 14.4948370767 0.0 9.109e-31 -10.0 -2.93388663875 0.0 0.0 -14.4948370767 0.0 9.109e-31 -1
0.0 2.94838550971 0.0 0.0 14.5021605679 0.0 9.109e-31 -10.0 -2.94838550971 0.0 0.0 -14.5021605679 0.0 9.109e-31 -1
0.0 2.96289166463 0.0 0.0 14.5094123505 0.0 9.109e-31 -10.0 -2.96289166463 0.0 0.0 -14.5094123505 0.0 9.109e-31 -1
0.0 2.97740503237 0.0 0.0 14.5165934375 0.0 9.109e-31 -10.0 -2.97740503237 0.0 0.0 -14.5165934375 0.0 9.109e-31 -1
0.0 2.99192554278 0.0 0.0 14.5237048235 0.0 9.109e-31 -10.0 -2.99192554278 0.0 0.0 -14.5237048235 0.0 9.109e-31 -1
0.0 3.0064531267 0.0 0.0 14.5307474848 0.0 9.109e-31 -10.0 -3.0064531267 0.0 0.0 -14.5307474848 0.0 9.109e-31 -1
0.0 3.02098771592 0.0 0.0 14.5377223804 0.0 9.109e-31 -10.0 -3.02098771592 0.0 0.0 -14.5377223804 0.0 9.109e-31 -1
0.0 3.03552924322 0.0 0.0 14.5446304519 0.0 9.109e-31 -10.0 -3.03552924322 0.0 0.0 -14.5446304519 0.0 9.109e-31 -1
0.0 3.05007764226 0.0 0.0 14.5514726238 0.0 9.109e-31 -10.0 -3.05007764226 0.0 0.0 -14.5514726238 0.0 9.109e-31 -1
0.0 3.06463284766 0.0 0.0 14.5582498044 0.0 9.109e-31 -10.0 -3.06463284766 0.0 0.0 -14.5582498044 0.0 9.109e-31 -1
0.0 3.07919479491 0.0 0.0 14.5649628856 0.0 9.109e-31 -10.0 -3.07919479491 0.0 0.0 -14.5649628856 0.0 9.109e-31 -1
0.0 3.0937634204 0.0 0.0 14.5716127437 0.0 9.109e-31 -10.0 -3.0937634204 0.0 0.0 -14.5716127437 0.0 9.109e-31 -1
0.0 3.10833866138 0.0 0.0 14.5782002392 0.0 9.109e-31 -10.0 -3.10833866138 0.0 0.0 -14.5782002392 0.0 9.109e-31 -1
0.0 3.12292045594 0.0 0.0 14.5847262179 0.0 9.109e-31 -10.0 -3.12292045594 0.0 0.0 -14.5847262179 0.0 9.109e-31 -1
0.0 3.13750874305 0.0 0.0 14.5911915103 0.0 9.109e-31 -10.0 -3.13750874305 0.0 0.0 -14.5911915103 0.0 9.109e-31 -1
0.0 3.15210346244 0.0 0.0 14.5975969328 0.0 9.109e-31 -10.0 -3.15210346244 0.0 0.0 -14.5975969328 0.0 9.109e-31 -1
0.0 3.16670455471 0.0 0.0 14.6039432874 0.0 9.109e-31 -10.0 -3.16670455471 0.0 0.0 -14.6039432874 0.0 9.109e-31 -1
0.0 3.18131196122 0.0 0.0 14.6102313622 0.0 9.109e-31 -10.0 -3.18131196122 0.0 0.0 -14.6102313622 0.0 9.109e-31 -1
0.0 3.19592562411 0.0 0.0 14.6164619317 0.0 9.109e-31 -10.0 -3.19592562411 0.0 0.0 -14.6164619317 0.0 9.109e-31 -1
0.0 3.21054548629 0.0 0.0 14.6226357573 0.0 9.109e-31 -10.0 -3.21054548629 0.0 0.0 -14.6226357573 0.0 9.109e-31 -1
0.0 3.22517149144 0.0 0.0 14.628753587 0.0 9.109e-31 -10.0 -3.22517149144 0.0 0.0 -14.628753587 0.0 9.109e-31 -1
0.0 3.23980358397 0.0 0.0 14.6348161564 0.0 9.109e-31 -10.0 -3.23980358397 0.0 0.0 -14.6348161564 0.0 9.109e-31 -1
0.0 3.25444170902 0.0 0.0 14.6408241882 0.0 9.109e-31 -10.0 -3.25444170902 0.0 0.0 -14.6408241882 0.0 9.109e-31 -1
0.0 3.26908581243 0.0 0.0 14.6467783933 0.0 9.109e-31 -10.0 -3.26908581243 0.0 0.0 -14.6467783933 0.0 9.109e-31 -1
0.0 3.28373584077 0.0 0.0 14.6526794702 0.0 9.109e-31 -10.0 -3.28373584077 0.0 0.0 -14.6526794702 0.0 9.109e-31 -1
0.0 3.29839174129 0.0 0.0 14.6585281059 0.0 9.109e-31 -10.0 -3.29839174129 0.0 0.0 -14.6585281059 0.0 9.109e-31 -1
0.0 3.31305346192 0.0 0.0 14.6643249759 0.0 9.109e-31 -10.0 -3.31305346192 0.0 0.0 -14.6643249759 0.0 9.109e-31 -1
0.0 3.32772095125 0.0 0.0 14.6700707443 0.0 9.109e-31 -10.0 -3.32772095125 0.0 0.0 -14.6700707443 0.0 9.109e-31 -1
0.0 3.34239415856 0.0 0.0 14.6757660642 0.0 9.109e-31 -10.0 -3.34239415856 0.0 0.0 -14.6757660642 0.0 9.109e-31 -1
0.0 3.35707303374 0.0 0.0 14.6814115779 0.0 9.109e-31 -10.0 -3.35707303374 0.0 0.0 -14.6814115779 0.0 9.109e-31 -1
0.0 3.37175752733 0.0 0.0 14.6870079173 0.0 9.109e-31 -10.0 -3.37175752733 0.0 0.0 -14.6870079173 0.0 9.109e-31 -1
0.0 3.38644759051 0.0 0.0 14.6925557035 0.0 9.109e-31 -10.0 -3.38644759051 0.0 0.0 -14.6925557035 0.0 9.109e-31 -1
0.0 3.40114317506 0.0 0.0 14.6980555477 0.0 9.109e-31 -10.0 -3.40114317506 0.0 0.0 -14.6980555477 0.0 9.109e-31 -1
0.0 3.41584423337 0.0 0.0 14.7035080511 0.0 9.109e-31 -10.0 -3.41584423337 0.0 0.0 -14.7035080511 0.0 9.109e-31 -1
0.0 3.43055071842 0.0 0.0 14.7089138052 0.0 9.109e-31 -10.0 -3.43055071842 0.0 0.0 -14.7089138052 0.0 9.109e-31 -1
0.0 3.44526258378 0.0 0.0 14.7142733916 0.0 9.109e-31 -10.0 -3.44526258378 0.0 0.0 -14.7142733916 0.0 9.109e-31 -1
0.0 3.4599797836 0.0 0.0 14.7195873828 0.0 9.109e-31 -10.0 -3.4599797836 0.0 0.0 -14.7195873828 0.0 9.109e-31 -1
0.0 3.47470227261 0.0 0.0 14.7248563421 0.0 9.109e-31 -10.0 -3.47470227261 0.0 0.0 -14.7248563421 0.0 9.109e-31 -1
0.0 3.48943000606 0.0 0.0 14.7300808237 0.0 9.109e-31 -10.0 -3.48943000606 0.0 0.0 -14.7300808237 0.0 9.109e-31 -1
0.0 3.50416293979 0.0 0.0 14.7352613728 0.0 9.109e-31 -10.0 -3.50416293979 0.0 0.0 -14.7352613728 0.0 9.109e-31 -1
0.0 3.51890103015 0.0 0.0 14.7403985261 0.0 9.109e-31 -10.0 -3.51890103015 0.0 0.0 -14.7403985261 0.0 9.109e-31 -1
0.0 3.53364423405 0.0 0.0 14.7454928118 0.0 9.109e-31 -10.0 -3.53364423405 0.0 0.0 -14.7454928118 0.0 9.109e-31 -1
0.0 3.5483925089 0.0 0.0 14.7505447496 0.0 9.109e-31 -10.0 -3.5483925089 0.0 0.0 -14.7505447496 0.0 9.109e-31 -1
0.0 3.56314581264 0.0 0.0 14.7555548513 0.0 9.109e-31 -10.0 -3.56314581264 0.0 0.0 -14.7555548513 0.0 9.109e-31 -1
0.0 3.5779041037 0.0 0.0 14.7605236203 0.0 9.109e-31 -10.0 -3.5779041037 0.0 0.0 -14.7605236203 0.0 9.109e-31 -1
0.0 3.59266734103 0.0 0.0 14.7654515524 0.0 9.109e-31 -10.0 -3.59266734103 0.0 0.0 -14.7654515524 0.0 9.109e-31 -1
0.0 3.60743548406 0.0 0.0 14.7703391356 0.0 9.109e-31 -10.0 -3.60743548406 0.0 0.0 -14.7703391356 0.0 9.109e-31 -1
0.0 3.62220849271 0.0 0.0 14.7751868504 0.0 9.109e-31 -10.0 -3.62220849271 0.0 0.0 -14.7751868504 0.0 9.109e-31 -1
0.0 3.63698632737 0.0 0.0 14.7799951696 0.0 9.109e-31 -10.0 -3.63698632737 0.0 0.0 -14.7799951696 0.0 9.109e-31 -1
0.0 3.6517689489 0.0 0.0 14.7847645591 0.0 9.109e-31 -10.0 -3.6517689489 0.0 0.0 -14.7847645591 0.0 9.109e-31 -1
0.0 3.66655631862 0.0 0.0 14.7894954773 0.0 9.109e-31 -10.0 -3.66655631862 0.0 0.0 -14.7894954773 0.0 9.109e-31 -1
0.0 3.68134839831 0.0 0.0 14.7941883757 0.0 9.109e-31 -10.0 -3.68134839831 0.0 0.0 -14.7941883757 0.0 9.109e-31 -1
0.0 3.69614515019 0.0 0.0 14.7988436991 0.0 9.109e-31 -10.0 -3.69614515019 0.0 0.0 -14.7988436991 0.0 9.109e-31 -1
0.0 3.71094653694 0.0 0.0 14.8034618852 0.0 9.109e-31 -10.0 -3.71094653694 0.0 0.0 -14.8034618852 0.0 9.109e-31 -1
0.0 3.72575252165 0.0 0.0 14.8080433654 0.0 9.109e-31 -10.0 -3.72575252165 0.0 0.0 -14.8080433654 0.0 9.109e-31 -1
0.0 3.74056306785 0.0 0.0 14.8125885642 0.0 9.109e-31 -10.0 -3.74056306785 0.0 0.0 -14.8125885642 0.0 9.109e-31 -1
0.0 3.75537813949 0.0 0.0 14.8170979002 0.0 9.109e-31 -10.0 -3.75537813949 0.0 0.0 -14.8170979002 0.0 9.109e-31 -1
0.0 3.77019770093 0.0 0.0 14.8215717852 0.0 9.109e-31 -10.0 -3.77019770093 0.0 0.0 -14.8215717852 0.0 9.109e-31 -1
0.0 3.78502171696 0.0 0.0 14.8260106253 0.0 9.109e-31 -10.0 -3.78502171696 0.0 0.0 -14.8260106253 0.0 9.109e-31 -1
0.0 3.79985015273 0.0 0.0 14.8304148203 0.0 9.109e-31 -10.0 -3.79985015273 0.0 0.0 -14.8304148203 0.0 9.109e-31 -1
0.0 3.81468297383 0.0 0.0 14.8347847641 0.0 9.109e-31 -10.0 -3.81468297383 0.0 0.0 -14.8347847641 0.0 9.109e-31 -1
0.0 3.82952014622 0.0 0.0 14.8391208448 0.0 9.109e-31 -10.0 -3.82952014622 0.0 0.0 -14.8391208448 0.0 9.109e-31 -1
0.0 3.84436163624 0.0 0.0 14.8434234447 0.0 9.109e-31 -10.0 -3.84436163624 0.0 0.0 -14.8434234447 0.0 9.109e-31 -1
0.0 3.85920741062 0.0 0.0 14.8476929406 0.0 9.109e-31 -10.0 -3.85920741062 0.0 0.0 -14.8476929406 0.0 9.109e-31 -1
0.0 3.87405743647 0.0 0.0 14.8519297038 0.0 9.109e-31 -10.0 -3.87405743647 0.0 0.0 -14.8519297038 0.0 9.109e-31 -1
0.0 3.88891168124 0.0 0.0 14.8561341 0.0 9.109e-31 -10.0 -3.88891168124 0.0 0.0 -14.8561341 0.0 9.109e-31 -1
0.0 3.90377011278 0.0 0.0 14.8603064897 0.0 9.109e-31 -10.0 -3.90377011278 0.0 0.0 -14.8603064897 0.0 9.109e-31 -1
0.0 3.91863269928 0.0 0.0 14.8644472282 0.0 9.109e-31 -10.0 -3.91863269928 0.0 0.0 -14.8644472282 0.0 9.109e-31 -1
0.0 3.93349940926 0.0 0.0 14.8685566656 0.0 9.109e-31 -10.0 -3.93349940926 0.0 0.0 -14.8685566656 0.0 9.109e-31 -1
0.0 3.94837021163 0.0 0.0 14.8726351471 0.0 9.109e-31 -10.0 -3.94837021163 0.0 0.0 -14.8726351471 0.0 9.109e-31 -1
0.0 3.96324507562 0.0 0.0 14.8766830126 0.0 9.109e-31 -10.0 -3.96324507562 0.0 0.0 -14.8766830126 0.0 9.109e-31 -1
0.0 3.97812397079 0.0 0.0 14.8807005974 0.0 9.109e-31 -10.0 -3.97812397079 0.0 0.0 -14.8807005974 0.0 9.109e-31 -1
0.0 3.99300686704 0.0 0.0 14.8846882321 0.0 9.109e-31 -10.0 -3.99300686704 0.0 0.0 -14.8846882321 0.0 9.109e-31 -1
0.0 4.00789373461 0.0 0.0 14.8886462424 0.0 9.109e-31 -10.0 -4.00789373461 0.0 0.0 -14.8886462424 0.0 9.109e-31 -1
0.0 4.02278454404 0.0 0.0 14.8925749495 0.0 9.109e-31 -10.0 -4.02278454404 0.0 0.0 -14.8925749495 0.0 9.109e-31 -1
0.0 4.03767926622 0.0 0.0 14.8964746699 0.0 9.109e-31 -10.0 -4.03767926622 0.0 0.0 -14.8964746699 0.0 9.109e-31 -1
0.0 4.05257787232 0.0 0.0 14.9003457159 0.0 9.109e-31 -10.0 -4.05257787232 0.0 0.0 -14.9003457159 0.0 9.109e-31 -1
0.0 4.06748033383 0.0 0.0 14.9041883952 0.0 9.109e-31 -10.0 -4.06748033383 0.0 0.0 -14.9041883952 0.0 9.109e-31 -1
0.0 4.08238662257 0.0 0.0 14.9080030112 0.0 9.109e-31 -10.0 -4.08238662257 0.0 0.0 -14.9080030112 0.0 9.109e-31 -1
0.0 4.09729671063 0.0 0.0 14.9117898632 0.0 9.109e-31 -10.0 -4.09729671063 0.0 0.0 -14.9117898632 0.0 9.109e-31 -1
0.0 4.11221057041 0.0 0.0 14.9155492464 0.0 9.109e-31 -10.0 -4.11221057041 0.0 0.0 -14.9155492464 0.0 9.109e-31 -1
0.0 4.1271281746 0.0 0.0 14.9192814516 0.0 9.109e-31 -10.0 -4.1271281746 0.0 0.0 -14.9192814516 0.0 9.109e-31 -1
0.0 4.14204949618 0.0 0.0 14.9229867658 0.0 9.109e-31 -10.0 -4.14204949618 0.0 0.0 -14.9229867658 0.0 9.109e-31 -1
0.0 4.15697450842 0.0 0.0 14.9266654721 0.0 9.109e-31 -10.0 -4.15697450842 0.0 0.0 -14.9266654721 0.0 9.109e-31 -1
0.0 4.17190318486 0.0 0.0 14.9303178496 0.0 9.109e-31 -10.0 -4.17190318486 0.0 0.0 -14.9303178496 0.0 9.109e-31 -1
0.0 4.18683549932 0.0 0.0 14.9339441736 0.0 9.109e-31 -10.0 -4.18683549932 0.0 0.0 -14.9339441736 0.0 9.109e-31 -1
0.0 4.20177142591 0.0 0.0 14.9375447156 0.0 9.109e-31 -10.0 -4.20177142591 0.0 0.0 -14.9375447156 0.0 9.109e-31 -1
0.0 4.21671093898 0.0 0.0 14.9411197435 0.0 9.109e-31 -10.0 -4.21671093898 0.0 0.0 -14.9411197435 0.0 9.109e-31 -1
0.0 4.23165401318 0.0 0.0 14.9446695216 0.0 9.109e-31 -10.0 -4.23165401318 0.0 0.0 -14.9446695216 0.0 9.109e-31 -1
0.0 4.24660062338 0.0 0.0 14.9481943105 0.0 9.109e-31 -10.0 -4.24660062338 0.0 0.0 -14.9481943105 0.0 9.109e-31 -1
0.0 4.26155074476 0.0 0.0 14.9516943672 0.0 9.109e-31 -10.0 -4.26155074476 0.0 0.0 -14.9516943672 0.0 9.109e-31 -1
0.0 4.2765043527 0.0 0.0 14.9551699457 0.0 9.109e-31 -10.0 -4.2765043527 0.0 0.0 -14.9551699457 0.0 9.109e-31 -1
0.0 4.29146142288 0.0 0.0 14.958621296 0.0 9.109e-31 -10.0 -4.29146142288 0.0 0.0 -14.958621296 0.0 9.109e-31 -1
0.0 4.3064219312 0.0 0.0 14.9620486652 0.0 9.109e-31 -10.0 -4.3064219312 0.0 0.0 -14.9620486652 0.0 9.109e-31 -1
0.0 4.32138585381 0.0 0.0 14.965452297 0.0 9.109e-31 -10.0 -4.32138585381 0.0 0.0 -14.965452297 0.0 9.109e-31 -1
0.0 4.33635316711 0.0 0.0 14.9688324318 0.0 9.109e-31 -10.0 -4.33635316711 0.0 0.0 -14.9688324318 0.0 9.109e-31 -1
0.0 4.35132384773 0.0 0.0 14.9721893068 0.0 9.109e-31 -10.0 -4.35132384773 0.0 0.0 -14.9721893068 0.0 9.109e-31 -1
0.0 4.36629787254 0.0 0.0 14.9755231561 0.0 9.109e-31 -10.0 -4.36629787254 0.0 0.0 -14.9755231561 0.0 9.109e-31 -1
0.0 4.38127521865 0.0 0.0 14.9788342109 0.0 9.109e-31 -10.0 -4.38127521865 0.0 0.0 -14.9788342109 0.0 9.109e-31 -1
0.0 4.39625586338 0.0 0.0 14.9821226991 0.0 9.109e-31 -10.0 -4.39625586338 0.0 0.0 -14.9821226991 0.0 9.109e-31 -1
0.0 4.4112397843 0.0 0.0 14.9853888458 0.0 9.109e-31 -10.0 -4.4112397843 0.0 0.0 -14.9853888458 0.0 9.109e-31 -1
0.0 4.42622695917 0.0 0.0 14.9886328731 0.0 9.109e-31 -10.0 -4.42622695917 0.0 0.0 -14.9886328731 0.0 9.109e-31 -1
0.0 4.44121736601 0.0 0.0 14.9918550003 0.0 9.109e-31 -10.0 -4.44121736601 0.0 0.0 -14.9918550003 0.0 9.109e-31 -1
0.0 4.45621098304 0.0 0.0 14.9950554436 0.0 9.109e-31 -10.0 -4.45621098304 0.0 0.0 -14.9950554436 0.0 9.109e-31 -1
0.0 4.47120778868 0.0 0.0 14.9982344167 0.0 9.109e-31 -10.0 -4.47120778868 0.0 0.0 -14.9982344167 0.0 9.109e-31 -1
0.0 4.48620776158 0.0 0.0 15.0013921304 0.0 9.109e-31 -10.0 -4.48620776158 0.0 0.0 -15.0013921304 0.0 9.109e-31 -1
0.0 4.50121088061 0.0 0.0 15.004528793 0.0 9.109e-31 -10.0 -4.50121088061 0.0 0.0 -15.004528793 0.0 9.109e-31 -1
0.0 4.51621712481 0.0 0.0 15.0076446097 0.0 9.109e-31 -10.0 -4.51621712481 0.0 0.0 -15.0076446097 0.0 9.109e-31 -1
0.0 4.53122647346 0.0 0.0 15.0107397836 0.0 9.109e-31 -10.0 -4.53122647346 0.0 0.0 -15.0107397836 0.0 9.109e-31 -1
0.0 4.54623890602 0.0 0.0 15.0138145149 0.0 9.109e-31 -10.0 -4.54623890602 0.0 0.0 -15.0138145149 0.0 9.109e-31 -1
0.0 4.56125440217 0.0 0.0 15.0168690013 0.0 9.109e-31 -10.0 -4.56125440217 0.0 0.0 -15.0168690013 0.0 9.109e-31 -1
0.0 4.57627294176 0.0 0.0 15.019903438 0.0 9.109e-31 -10.0 -4.57627294176 0.0 0.0 -15.019903438 0.0 9.109e-31 -1
0.0 4.59129450484 0.0 0.0 15.0229180178 0.0 9.109e-31 -10.0 -4.59129450484 0.0 0.0 -15.0229180178 0.0 9.109e-31 -1
0.0 4.60631907168 0.0 0.0 15.0259129312 0.0 9.109e-31 -10.0 -4.60631907168 0.0 0.0 -15.0259129312 0.0 9.109e-31 -1
0.0 4.6213466227 0.0 0.0 15.0288883659 0.0 9.109e-31 -10.0 -4.6213466227 0.0 0.0 -15.0288883659 0.0 9.109e-31 -1
0.0 4.63637713853 0.0 0.0 15.0318445077 0.0 9.109e-31 -10.0 -4.63637713853 0.0 0.0 -15.0318445077 0.0 9.109e-31 -1
0.0 4.65141059997 0.0 0.0 15.0347815398 0.0 9.109e-31 -10.0 -4.65141059997 0.0 0.0 -15.0347815398 0.0 9.109e-31 -1
0.0 4.66644698802 0.0 0.0 15.0376996432 0.0 9.109e-31 -10.0 -4.66644698802 0.0 0.0 -15.0376996432 0.0 9.109e-31 -1
0.0 4.68148628385 0.0 0.0 15.0405989968 0.0 9.109e-31 -10.0 -4.68148628385 0.0 0.0 -15.0405989968 0.0 9.109e-31 -1
0.0 4.6965284688 0.0 0.0 15.0434797771 0.0 9.109e-31 -10.0 -4.6965284688 0.0 0.0 -15.0434797771 0.0 9.109e-31 -1
0.0 4.7115735244 0.0 0.0 15.0463421586 0.0 9.109e-31 -10.0 -4.7115735244 0.0 0.0 -15.0463421586 0.0 9.109e-31 -1
0.0 4.72662143234 0.0 0.0 15.0491863133 0.0 9.109e-31 -10.0 -4.72662143234 0.0 0.0 -15.0491863133 0.0 9.109e-31 -1
0.0 4.74167217449 0.0 0.0 15.0520124116 0.0 9.109e-31 -10.0 -4.74167217449 0.0 0.0 -15.0520124116 0.0 9.109e-31 -1
0.0 4.75672573288 0.0 0.0 15.0548206214 0.0 9.109e-31 -10.0 -4.75672573288 0.0 0.0 -15.0548206214 0.0 9.109e-31 -1
0.0 4.77178208973 0.0 0.0 15.0576111088 0.0 9.109e-31 -10.0 -4.77178208973 0.0 0.0 -15.0576111088 0.0 9.109e-31 -1
0.0 4.78684122739 0.0 0.0 15.0603840378 0.0 9.109e-31 -10.0 -4.78684122739 0.0 0.0 -15.0603840378 0.0 9.109e-31 -1
0.0 4.8019031284 0.0 0.0 15.0631395704 0.0 9.109e-31 -10.0 -4.8019031284 0.0 0.0 -15.0631395704 0.0 9.109e-31 -1
0.0 4.81696777545 0.0 0.0 15.0658778667 0.0 9.109e-31 -10.0 -4.81696777545 0.0 0.0 -15.0658778667 0.0 9.109e-31 -1
0.0 4.83203515139 0.0 0.0 15.0685990847 0.0 9.109e-31 -10.0 -4.83203515139 0.0 0.0 -15.0685990847 0.0 9.109e-31 -1
0.0 4.84710523922 0.0 0.0 15.0713033807 0.0 9.109e-31 -10.0 -4.84710523922 0.0 0.0 -15.0713033807 0.0 9.109e-31 -1
0.0 4.86217802212 0.0 0.0 15.0739909092 0.0 9.109e-31 -10.0 -4.86217802212 0.0 0.0 -15.0739909092 0.0 9.109e-31 -1
0.0 4.8772534834 0.0 0.0 15.0766618225 0.0 9.109e-31 -10.0 -4.8772534834 0.0 0.0 -15.0766618225 0.0 9.109e-31 -1
0.0 4.89233160652 0.0 0.0 15.0793162714 0.0 9.109e-31 -10.0 -4.89233160652 0.0 0.0 -15.0793162714 0.0 9.109e-31 -1
0.0 4.9074123751 0.0 0.0 15.0819544048 0.0 9.109e-31 -10.0 -4.9074123751 0.0 0.0 -15.0819544048 0.0 9.109e-31 -1
0.0 4.92249577292 0.0 0.0 15.0845763699 0.0 9.109e-31 -10.0 -4.92249577292 0.0 0.0 -15.0845763699 0.0 9.109e-31 -1
0.0 4.93758178387 0.0 0.0 15.087182312 0.0 9.109e-31 -10.0 -4.93758178387 0.0 0.0 -15.087182312 0.0 9.109e-31 -1
0.0 4.95267039202 0.0 0.0 15.0897723749 0.0 9.109e-31 -10.0 -4.95267039202 0.0 0.0 -15.0897723749 0.0 9.109e-31 -1
0.0 4.96776158157 0.0 0.0 15.0923467006 0.0 9.109e-31 -10.0 -4.96776158157 0.0 0.0 -15.0923467006 0.0 9.109e-31 -1
0.0 4.98285533685 0.0 0.0 15.0949054294 0.0 9.109e-31 -10.0 -4.98285533685 0.0 0.0 -15.0949054294 0.0 9.109e-31 -1
0.0 4.99795164235 0.0 0.0 15.0974487 0.0 9.109e-31 -10.0 -4.99795164235 0.0 0.0 -15.0974487 0.0 9.109e-31 -1
0.0 5.01305048268 0.0 0.0 15.0999766496 0.0 9.109e-31 -10.0 -5.01305048268 0.0 0.0 -15.0999766496 0.0 9.109e-31 -1
0.0 5.0281518426 0.0 0.0 15.1024894136 0.0 9.109e-31 -10.0 -5.0281518426 0.0 0.0 -15.1024894136 0.0 9.109e-31 -1
0.0 5.04325570699 0.0 0.0 15.1049871259 0.0 9.109e-31 -10.0 -5.04325570699 0.0 0.0 -15.1049871259 0.0 9.109e-31 -1
0.0 5.05836206088 0.0 0.0 15.1074699189 0.0 9.109e-31 -10.0 -5.05836206088 0.0 0.0 -15.1074699189 0.0 9.109e-31 -1
0.0 5.07347088941 0.0 0.0 15.1099379235 0.0 9.109e-31 -10.0 -5.07347088941 0.0 0.0 -15.1099379235 0.0 9.109e-31 -1
0.0 5.08858217788 0.0 0.0 15.112391269 0.0 9.109e-31 -10.0 -5.08858217788 0.0 0.0 -15.112391269 0.0 9.109e-31 -1
0.0 5.10369591169 0.0 0.0 15.1148300834 0.0 9.109e-31 -10.0 -5.10369591169 0.0 0.0 -15.1148300834 0.0 9.109e-31 -1
0.0 5.11881207638 0.0 0.0 15.117254493 0.0 9.109e-31 -10.0 -5.11881207638 0.0 0.0 -15.117254493 0.0 9.109e-31 -1
0.0 5.13393065762 0.0 0.0 15.1196646227 0.0 9.109e-31 -10.0 -5.13393065762 0.0 0.0 -15.1196646227 0.0 9.109e-31 -1
0.0 5.14905164119 0.0 0.0 15.1220605962 0.0 9.109e-31 -10.0 -5.14905164119 0.0 0.0 -15.1220605962 0.0 9.109e-31 -1
0.0 5.16417501301 0.0 0.0 15.1244425355 0.0 9.109e-31 -10.0 -5.16417501301 0.0 0.0 -15.1244425355 0.0 9.109e-31 -1
0.0 5.1793007591 0.0 0.0 15.1268105614 0.0 9.109e-31 -10.0 -5.1793007591 0.0 0.0 -15.1268105614 0.0 9.109e-31 -1
0.0 5.19442886562 0.0 0.0 15.1291647934 0.0 9.109e-31 -10.0 -5.19442886562 0.0 0.0 -15.1291647934 0.0 9.109e-31 -1
0.0 5.20955931884 0.0 0.0 15.1315053495 0.0 9.109e-31 -10.0 -5.20955931884 0.0 0.0 -15.1315053495 0.0 9.109e-31 -1
0.0 5.22469210516 0.0 0.0 15.1338323464 0.0 9.109e-31 -10.0 -5.22469210516 0.0 0.0 -15.1338323464 0.0 9.109e-31 -1
0.0 5.23982721106 0.0 0.0 15.1361458995 0.0 9.109e-31 -10.0 -5.23982721106 0.0 0.0 -15.1361458995 0.0 9.109e-31 -1
0.0 5.25496462318 0.0 0.0 15.1384461231 0.0 9.109e-31 -10.0 -5.25496462318 0.0 0.0 -15.1384461231 0.0 9.109e-31 -1
0.0 5.27010432824 0.0 0.0 15.1407331299 0.0 9.109e-31 -10.0 -5.27010432824 0.0 0.0 -15.1407331299 0.0 9.109e-31 -1
0.0 5.28524631309 0.0 0.0 15.1430070315 0.0 9.109e-31 -10.0 -5.28524631309 0.0 0.0 -15.1430070315 0.0 9.109e-31 -1
0.0 5.30039056469 0.0 0.0 15.1452679384 0.0 9.109e-31 -10.0 -5.30039056469 0.0 0.0 -15.1452679384 0.0 9.109e-31 -1
0.0 5.3155370701 0.0 0.0 15.1475159597 0.0 9.109e-31 -10.0 -5.3155370701 0.0 0.0 -15.1475159597 0.0 9.109e-31 -1
0.0 5.33068581649 0.0 0.0 15.1497512034 0.0 9.109e-31 -10.0 -5.33068581649 0.0 0.0 -15.1497512034 0.0 9.109e-31 -1
0.0 5.34583679115 0.0 0.0 15.1519737762 0.0 9.109e-31 -10.0 -5.34583679115 0.0 0.0 -15.1519737762 0.0 9.109e-31 -1
0.0 5.36098998146 0.0 0.0 15.1541837838 0.0 9.109e-31 -10.0 -5.36098998146 0.0 0.0 -15.1541837838 0.0 9.109e-31 -1
0.0 5.37614537492 0.0 0.0 15.1563813305 0.0 9.109e-31 -10.0 -5.37614537492 0.0 0.0 -15.1563813305 0.0 9.109e-31 -1
0.0 5.39130295912 0.0 0.0 15.1585665198 0.0 9.109e-31 -10.0 -5.39130295912 0.0 0.0 -15.1585665198 0.0 9.109e-31 -1
0.0 5.40646272176 0.0 0.0 15.1607394537 0.0 9.109e-31 -10.0 -5.40646272176 0.0 0.0 -15.1607394537 0.0 9.109e-31 -1
0.0 5.42162465064 0.0 0.0 15.1629002333 0.0 9.109e-31 -10.0 -5.42162465064 0.0 0.0 -15.1629002333 0.0 9.109e-31 -1
0.0 5.43678873367 0.0 0.0 15.1650489587 0.0 9.109e-31 -10.0 -5.43678873367 0.0 0.0 -15.1650489587 0.0 9.109e-31 -1
0.0 5.45195495883 0.0 0.0 15.1671857288 0.0 9.109e-31 -10.0 -5.45195495883 0.0 0.0 -15.1671857288 0.0 9.109e-31 -1
0.0 5.46712331424 0.0 0.0 15.1693106412 0.0 9.109e-31 -10.0 -5.46712331424 0.0 0.0 -15.1693106412 0.0 9.109e-31 -1
0.0 5.48229378808 0.0 0.0 15.171423793 0.0 9.109e-31 -10.0 -5.48229378808 0.0 0.0 -15.171423793 0.0 9.109e-31 -1
0.0 5.49746636865 0.0 0.0 15.1735252798 0.0 9.109e-31 -10.0 -5.49746636865 0.0 0.0 -15.1735252798 0.0 9.109e-31 -1
0.0 5.51264104433 0.0 0.0 15.1756151963 0.0 9.109e-31 -10.0 -5.51264104433 0.0 0.0 -15.1756151963 0.0 9.109e-31 -1
0.0 5.52781780361 0.0 0.0 15.1776936362 0.0 9.109e-31 -10.0 -5.52781780361 0.0 0.0 -15.1776936362 0.0 9.109e-31 -1
0.0 5.54299663506 0.0 0.0 15.1797606924 0.0 9.109e-31 -10.0 -5.54299663506 0.0 0.0 -15.1797606924 0.0 9.109e-31 -1
0.0 5.55817752736 0.0 0.0 15.1818164564 0.0 9.109e-31 -10.0 -5.55817752736 0.0 0.0 -15.1818164564 0.0 9.109e-31 -1
0.0 5.57336046924 0.0 0.0 15.1838610192 0.0 9.109e-31 -10.0 -5.57336046924 0.0 0.0 -15.1838610192 0.0 9.109e-31 -1
0.0 5.58854544957 0.0 0.0 15.1858944704 0.0 9.109e-31 -10.0 -5.58854544957 0.0 0.0 -15.1858944704 0.0 9.109e-31 -1
0.0 5.60373245728 0.0 0.0 15.187916899 0.0 9.109e-31 -10.0 -5.60373245728 0.0 0.0 -15.187916899 0.0 9.109e-31 -1
0.0 5.6189214814 0.0 0.0 15.1899283929 0.0 9.109e-31 -10.0 -5.6189214814 0.0 0.0 -15.1899283929 0.0 9.109e-31 -1
0.0 5.63411251104 0.0 0.0 15.1919290391 0.0 9.109e-31 -10.0 -5.63411251104 0.0 0.0 -15.1919290391 0.0 9.109e-31 -1
0.0 5.6493055354 0.0 0.0 15.1939189237 0.0 9.109e-31 -10.0 -5.6493055354 0.0 0.0 -15.1939189237 0.0 9.109e-31 -1
0.0 5.66450054377 0.0 0.0 15.1958981319 0.0 9.109e-31 -10.0 -5.66450054377 0.0 0.0 -15.1958981319 0.0 9.109e-31 -1
0.0 5.67969752551 0.0 0.0 15.197866748 0.0 9.109e-31 -10.0 -5.67969752551 0.0 0.0 -15.197866748 0.0 9.109e-31 -1
0.0 5.69489647008 0.0 0.0 15.1998248556 0.0 9.109e-31 -10.0 -5.69489647008 0.0 0.0 -15.1998248556 0.0 9.109e-31 -1
0.0 5.71009736702 0.0 0.0 15.2017725371 0.0 9.109e-31 -10.0 -5.71009736702 0.0 0.0 -15.2017725371 0.0 9.109e-31 -1
0.0 5.72530020594 0.0 0.0 15.2037098742 0.0 9.109e-31 -10.0 -5.72530020594 0.0 0.0 -15.2037098742 0.0 9.109e-31 -1
0.0 5.74050497655 0.0 0.0 15.205636948 0.0 9.109e-31 -10.0 -5.74050497655 0.0 0.0 -15.205636948 0.0 9.109e-31 -1
0.0 5.75571166862 0.0 0.0 15.2075538384 0.0 9.109e-31 -10.0 -5.75571166862 0.0 0.0 -15.2075538384 0.0 9.109e-31 -1
0.0 5.77092027202 0.0 0.0 15.2094606246 0.0 9.109e-31 -10.0 -5.77092027202 0.0 0.0 -15.2094606246 0.0 9.109e-31 -1
0.0 5.78613077669 0.0 0.0 15.2113573852 0.0 9.109e-31 -10.0 -5.78613077669 0.0 0.0 -15.2113573852 0.0 9.109e-31 -1
0.0 5.80134317264 0.0 0.0 15.2132441977 0.0 9.109e-31 -10.0 -5.80134317264 0.0 0.0 -15.2132441977 0.0 9.109e-31 -1
0.0 5.81655744997 0.0 0.0 15.215121139 0.0 9.109e-31 -10.0 -5.81655744997 0.0 0.0 -15.215121139 0.0 9.109e-31 -1
0.0 5.83177359884 0.0 0.0 15.216988285 0.0 9.109e-31 -10.0 -5.83177359884 0.0 0.0 -15.216988285 0.0 9.109e-31 -1
0.0 5.84699160951 0.0 0.0 15.2188457112 0.0 9.109e-31 -10.0 -5.84699160951 0.0 0.0 -15.2188457112 0.0 9.109e-31 -1
0.0 5.86221147229 0.0 0.0 15.2206934921 0.0 9.109e-31 -10.0 -5.86221147229 0.0 0.0 -15.2206934921 0.0 9.109e-31 -1
0.0 5.87743317759 0.0 0.0 15.2225317014 0.0 9.109e-31 -10.0 -5.87743317759 0.0 0.0 -15.2225317014 0.0 9.109e-31 -1
0.0 5.89265671586 0.0 0.0 15.2243604121 0.0 9.109e-31 -10.0 -5.89265671586 0.0 0.0 -15.2243604121 0.0 9.109e-31 -1
0.0 5.90788207765 0.0 0.0 15.2261796966 0.0 9.109e-31 -10.0 -5.90788207765 0.0 0.0 -15.2261796966 0.0 9.109e-31 -1
0.0 5.92310925358 0.0 0.0 15.2279896265 0.0 9.109e-31 -10.0 -5.92310925358 0.0 0.0 -15.2279896265 0.0 9.109e-31 -1
0.0 5.93833823432 0.0 0.0 15.2297902725 0.0 9.109e-31 -10.0 -5.93833823432 0.0 0.0 -15.2297902725 0.0 9.109e-31 -1
0.0 5.95356901064 0.0 0.0 15.231581705 0.0 9.109e-31 -10.0 -5.95356901064 0.0 0.0 -15.231581705 0.0 9.109e-31 -1
0.0 5.96880157336 0.0 0.0 15.2333639933 0.0 9.109e-31 -10.0 -5.96880157336 0.0 0.0 -15.2333639933 0.0 9.109e-31 -1
0.0 5.98403591336 0.0 0.0 15.2351372062 0.0 9.109e-31 -10.0 -5.98403591336 0.0 0.0 -15.2351372062 0.0 9.109e-31 -1
0.0 5.99927202162 0.0 0.0 15.2369014118 0.0 9.109e-31 -10.0 -5.99927202162 0.0 0.0 -15.2369014118 0.0 9.109e-31 -1
0.0 6.01450988917 0.0 0.0 15.2386566776 0.0 9.109e-31 -10.0 -6.01450988917 0.0 0.0 -15.2386566776 0.0 9.109e-31 -1
0.0 6.02974950709 0.0 0.0 15.2404030702 0.0 9.109e-31 -10.0 -6.02974950709 0.0 0.0 -15.2404030702 0.0 9.109e-31 -1
0.0 6.04499086655 0.0 0.0 15.2421406559 0.0 9.109e-31 -10.0 -6.04499086655 0.0 0.0 -15.2421406559 0.0 9.109e-31 -1
0.0 6.06023395879 0.0 0.0 15.2438695001 0.0 9.109e-31 -10.0 -6.06023395879 0.0 0.0 -15.2438695001 0.0 9.109e-31 -1
0.0 6.0754787751 0.0 0.0 15.2455896675 0.0 9.109e-31 -10.0 -6.0754787751 0.0 0.0 -15.2455896675 0.0 9.109e-31 -1
0.0 6.09072530683 0.0 0.0 15.2473012224 0.0 9.109e-31 -10.0 -6.09072530683 0.0 0.0 -15.2473012224 0.0 9.109e-31 -1
0.0 6.10597354541 0.0 0.0 15.2490042284 0.0 9.109e-31 -10.0 -6.10597354541 0.0 0.0 -15.2490042284 0.0 9.109e-31 -1
0.0 6.12122348232 0.0 0.0 15.2506987484 0.0 9.109e-31 -10.0 -6.12122348232 0.0 0.0 -15.2506987484 0.0 9.109e-31 -1
0.0 6.13647510911 0.0 0.0 15.2523848446 0.0 9.109e-31 -10.0 -6.13647510911 0.0 0.0 -15.2523848446 0.0 9.109e-31 -1
0.0 6.1517284174 0.0 0.0 15.254062579 0.0 9.109e-31 -10.0 -6.1517284174 0.0 0.0 -15.254062579 0.0 9.109e-31 -1
0.0 6.16698339885 0.0 0.0 15.2557320126 0.0 9.109e-31 -10.0 -6.16698339885 0.0 0.0 -15.2557320126 0.0 9.109e-31 -1
0.0 6.1822400452 0.0 0.0 15.2573932059 0.0 9.109e-31 -10.0 -6.1822400452 0.0 0.0 -15.2573932059 0.0 9.109e-31 -1
0.0 6.19749834823 0.0 0.0 15.2590462189 0.0 9.109e-31 -10.0 -6.19749834823 0.0 0.0 -15.2590462189 0.0 9.109e-31 -1
0.0 6.21275829981 0.0 0.0 15.2606911111 0.0 9.109e-31 -10.0 -6.21275829981 0.0 0.0 -15.2606911111 0.0 9.109e-31 -1
0.0 6.22801989184 0.0 0.0 15.2623279412 0.0 9.109e-31 -10.0 -6.22801989184 0.0 0.0 -15.2623279412 0.0 9.109e-31 -1
0.0 6.24328311629 0.0 0.0 15.2639567676 0.0 9.109e-31 -10.0 -6.24328311629 0.0 0.0 -15.2639567676 0.0 9.109e-31 -1
0.0 6.2585479652 0.0 0.0 15.2655776479 0.0 9.109e-31 -10.0 -6.2585479652 0.0 0.0 -15.2655776479 0.0 9.109e-31 -1
0.0 6.27381443064 0.0 0.0 15.2671906394 0.0 9.109e-31 -10.0 -6.27381443064 0.0 0.0 -15.2671906394 0.0 9.109e-31 -1
0.0 6.28908250476 0.0 0.0 15.2687957986 0.0 9.109e-31 -10.0 -6.28908250476 0.0 0.0 -15.2687957986 0.0 9.109e-31 -1
0.0 6.30435217976 0.0 0.0 15.2703931816 0.0 9.109e-31 -10.0 -6.30435217976 0.0 0.0 -15.2703931816 0.0 9.109e-31 -1
0.0 6.31962344789 0.0 0.0 15.271982844 0.0 9.109e-31 -10.0 -6.31962344789 0.0 0.0 -15.271982844 0.0 9.109e-31 -1
0.0 6.33489630146 0.0 0.0 15.2735648409 0.0 9.109e-31 -10.0 -6.33489630146 0.0 0.0 -15.2735648409 0.0 9.109e-31 -1
0.0 6.35017073284 0.0 0.0 15.2751392268 0.0 9.109e-31 -10.0 -6.35017073284 0.0 0.0 -15.2751392268 0.0 9.109e-31 -1
0.0 6.36544673444 0.0 0.0 15.2767060557 0.0 9.109e-31 -10.0 -6.36544673444 0.0 0.0 -15.2767060557 0.0 9.109e-31 -1
0.0 6.38072429874 0.0 0.0 15.2782653811 0.0 9.109e-31 -10.0 -6.38072429874 0.0 0.0 -15.2782653811 0.0 9.109e-31 -1
0.0 6.39600341827 0.0 0.0 15.279817256 0.0 9.109e-31 -10.0 -6.39600341827 0.0 0.0 -15.279817256 0.0 9.109e-31 -1
0.0 6.4112840856 0.0 0.0 15.2813617329 0.0 9.109e-31 -10.0 -6.4112840856 0.0 0.0 -15.2813617329 0.0 9.109e-31 -1
0.0 6.42656629336 0.0 0.0 15.282898864 0.0 9.109e-31 -10.0 -6.42656629336 0.0 0.0 -15.282898864 0.0 9.109e-31 -1
0.0 6.44185003423 0.0 0.0 15.2844287007 0.0 9.109e-31 -10.0 -6.44185003423 0.0 0.0 -15.2844287007 0.0 9.109e-31 -1
0.0 6.45713530095 0.0 0.0 15.285951294 0.0 9.109e-31 -10.0 -6.45713530095 0.0 0.0 -15.285951294 0.0 9.109e-31 -1
0.0 6.47242208631 0.0 0.0 15.2874666947 0.0 9.109e-31 -10.0 -6.47242208631 0.0 0.0 -15.2874666947 0.0 9.109e-31 -1
0.0 6.48771038313 0.0 0.0 15.2889749529 0.0 9.109e-31 -10.0 -6.48771038313 0.0 0.0 -15.2889749529 0.0 9.109e-31 -1
0.0 6.50300018431 0.0 0.0 15.2904761182 0.0 9.109e-31 -10.0 -6.50300018431 0.0 0.0 -15.2904761182 0.0 9.109e-31 -1
0.0 6.51829148277 0.0 0.0 15.2919702399 0.0 9.109e-31 -10.0 -6.51829148277 0.0 0.0 -15.2919702399 0.0 9.109e-31 -1
0.0 6.53358427151 0.0 0.0 15.2934573667 0.0 9.109e-31 -10.0 -6.53358427151 0.0 0.0 -15.2934573667 0.0 9.109e-31 -1
0.0 6.54887854354 0.0 0.0 15.294937547 0.0 9.109e-31 -10.0 -6.54887854354 0.0 0.0 -15.294937547 0.0 9.109e-31 -1
0.0 6.56417429196 0.0 0.0 15.2964108286 0.0 9.109e-31 -10.0 -6.56417429196 0.0 0.0 -15.2964108286 0.0 9.109e-31 -1
0.0 6.57947150989 0.0 0.0 15.2978772591 0.0 9.109e-31 -10.0 -6.57947150989 0.0 0.0 -15.2978772591 0.0 9.109e-31 -1
0.0 6.5947701905 0.0 0.0 15.2993368855 0.0 9.109e-31 -10.0 -6.5947701905 0.0 0.0 -15.2993368855 0.0 9.109e-31 -1
0.0 6.61007032702 0.0 0.0 15.3007897543 0.0 9.109e-31 -10.0 -6.61007032702 0.0 0.0 -15.3007897543 0.0 9.109e-31 -1
0.0 6.62537191272 0.0 0.0 15.3022359117 0.0 9.109e-31 -10.0 -6.62537191272 0.0 0.0 -15.3022359117 0.0 9.109e-31 -1
0.0 6.6406749409 0.0 0.0 15.3036754036 0.0 9.109e-31 -10.0 -6.6406749409 0.0 0.0 -15.3036754036 0.0 9.109e-31 -1
0.0 6.65597940492 0.0 0.0 15.3051082753 0.0 9.109e-31 -10.0 -6.65597940492 0.0 0.0 -15.3051082753 0.0 9.109e-31 -1
0.0 6.6712852982 0.0 0.0 15.3065345716 0.0 9.109e-31 -10.0 -6.6712852982 0.0 0.0 -15.3065345716 0.0 9.109e-31 -1
0.0 6.68659261418 0.0 0.0 15.3079543373 0.0 9.109e-31 -10.0 -6.68659261418 0.0 0.0 -15.3079543373 0.0 9.109e-31 -1
0.0 6.70190134636 0.0 0.0 15.3093676164 0.0 9.109e-31 -10.0 -6.70190134636 0.0 0.0 -15.3093676164 0.0 9.109e-31 -1
0.0 6.71721148826 0.0 0.0 15.3107744526 0.0 9.109e-31 -10.0 -6.71721148826 0.0 0.0 -15.3107744526 0.0 9.109e-31 -1
0.0 6.73252303348 0.0 0.0 15.3121748894 0.0 9.109e-31 -10.0 -6.73252303348 0.0 0.0 -15.3121748894 0.0 9.109e-31 -1
0.0 6.74783597564 0.0 0.0 15.3135689698 0.0 9.109e-31 -10.0 -6.74783597564 0.0 0.0 -15.3135689698 0.0 9.109e-31 -1
0.0 6.7631503084 0.0 0.0 15.3149567363 0.0 9.109e-31 -10.0 -6.7631503084 0.0 0.0 -15.3149567363 0.0 9.109e-31 -1
0.0 6.77846602547 0.0 0.0 15.3163382312 0.0 9.109e-31 -10.0 -6.77846602547 0.0 0.0 -15.3163382312 0.0 9.109e-31 -1
0.0 6.79378312061 0.0 0.0 15.3177134963 0.0 9.109e-31 -10.0 -6.79378312061 0.0 0.0 -15.3177134963 0.0 9.109e-31 -1
0.0 6.80910158761 0.0 0.0 15.3190825731 0.0 9.109e-31 -10.0 -6.80910158761 0.0 0.0 -15.3190825731 0.0 9.109e-31 -1
0.0 6.8244214203 0.0 0.0 15.3204455028 0.0 9.109e-31 -10.0 -6.8244214203 0.0 0.0 -15.3204455028 0.0 9.109e-31 -1
0.0 6.83974261256 0.0 0.0 15.3218023261 0.0 9.109e-31 -10.0 -6.83974261256 0.0 0.0 -15.3218023261 0.0 9.109e-31 -1
0.0 6.8550651583 0.0 0.0 15.3231530835 0.0 9.109e-31 -10.0 -6.8550651583 0.0 0.0 -15.3231530835 0.0 9.109e-31 -1
0.0 6.87038905148 0.0 0.0 15.324497815 0.0 9.109e-31 -10.0 -6.87038905148 0.0 0.0 -15.324497815 0.0 9.109e-31 -1
0.0 6.8857142861 0.0 0.0 15.3258365602 0.0 9.109e-31 -10.0 -6.8857142861 0.0 0.0 -15.3258365602 0.0 9.109e-31 -1
0.0 6.90104085619 0.0 0.0 15.3271693586 0.0 9.109e-31 -10.0 -6.90104085619 0.0 0.0 -15.3271693586 0.0 9.109e-31 -1
0.0 6.91636875582 0.0 0.0 15.3284962492 0.0 9.109e-31 -10.0 -6.91636875582 0.0 0.0 -15.3284962492 0.0 9.109e-31 -1
0.0 6.93169797911 0.0 0.0 15.3298172707 0.0 9.109e-31 -10.0 -6.93169797911 0.0 0.0 -15.3298172707 0.0 9.109e-31 -1
0.0 6.94702852022 0.0 0.0 15.3311324614 0.0 9.109e-31 -10.0 -6.94702852022 0.0 0.0 -15.3311324614 0.0 9.109e-31 -1
0.0 6.96236037332 0.0 0.0 15.3324418594 0.0 9.109e-31 -10.0 -6.96236037332 0.0 0.0 -15.3324418594 0.0 9.109e-31 -1
0.0 6.97769353266 0.0 0.0 15.3337455023 0.0 9.109e-31 -10.0 -6.97769353266 0.0 0.0 -15.3337455023 0.0 9.109e-31 -1
0.0 6.99302799249 0.0 0.0 15.3350434276 0.0 9.109e-31 -10.0 -6.99302799249 0.0 0.0 -15.3350434276 0.0 9.109e-31 -1
0.0 7.00836374712 0.0 0.0 15.3363356722 0.0 9.109e-31 -10.0 -7.00836374712 0.0 0.0 -15.3363356722 0.0 9.109e-31 -1
0.0 7.02370079089 0.0 0.0 15.337622273 0.0 9.109e-31 -10.0 -7.02370079089 0.0 0.0 -15.337622273 0.0 9.109e-31 -1
0.0 7.03903911817 0.0 0.0 15.3389032663 0.0 9.109e-31 -10.0 -7.03903911817 0.0 0.0 -15.3389032663 0.0 9.109e-31 -1
0.0 7.05437872338 0.0 0.0 15.3401786883 0.0 9.109e-31 -10.0 -7.05437872338 0.0 0.0 -15.3401786883 0.0 9.109e-31 -1
0.0 7.06971960096 0.0 0.0 15.3414485747 0.0 9.109e-31 -10.0 -7.06971960096 0.0 0.0 -15.3414485747 0.0 9.109e-31 -1
0.0 7.0850617454 0.0 0.0 15.3427129611 0.0 9.109e-31 -10.0 -7.0850617454 0.0 0.0 -15.3427129611 0.0 9.109e-31 -1
0.0 7.10040515121 0.0 0.0 15.3439718827 0.0 9.109e-31 -10.0 -7.10040515121 0.0 0.0 -15.3439718827 0.0 9.109e-31 -1
0.0 7.11574981296 0.0 0.0 15.3452253744 0.0 9.109e-31 -10.0 -7.11574981296 0.0 0.0 -15.3452253744 0.0 9.109e-31 -1
0.0 7.13109572523 0.0 0.0 15.3464734708 0.0 9.109e-31 -10.0 -7.13109572523 0.0 0.0 -15.3464734708 0.0 9.109e-31 -1
0.0 7.14644288265 0.0 0.0 15.3477162062 0.0 9.109e-31 -10.0 -7.14644288265 0.0 0.0 -15.3477162062 0.0 9.109e-31 -1
0.0 7.16179127987 0.0 0.0 15.3489536147 0.0 9.109e-31 -10.0 -7.16179127987 0.0 0.0 -15.3489536147 0.0 9.109e-31 -1
0.0 7.17714091158 0.0 0.0 15.35018573 0.0 9.109e-31 -10.0 -7.17714091158 0.0 0.0 -15.35018573 0.0 9.109e-31 -1
0.0 7.19249177252 0.0 0.0 15.3514125856 0.0 9.109e-31 -10.0 -7.19249177252 0.0 0.0 -15.3514125856 0.0 9.109e-31 -1
